Matrix A:
+---+---+---+---+---+---+---+---+---+---+
| 5 | 8 | 0 | 6 | 7 | 1 | 1 | 7 | 2 | 9 |
+---+---+---+---+---+---+---+---+---+---+
| 8 | 9 | 3 | 6 | 4 | 5 | 6 | 4 | 8 | 0 |
+---+---+---+---+---+---+---+---+---+---+
| 9 | 1 | 3 | 5 | 4 | 7 | 4 | 2 | 6 | 9 |
+---+---+---+---+---+---+---+---+---+---+
| 9 | 3 | 3 | 1 | 0 | 2 | 4 | 3 | 6 | 4 |
+---+---+---+---+---+---+---+---+---+---+
| 0 | 5 | 8 | 2 | 9 | 5 | 9 | 4 | 7 | 4 |
+---+---+---+---+---+---+---+---+---+---+
| 3 | 3 | 3 | 4 | 1 | 4 | 9 | 5 | 5 | 7 |
+---+---+---+---+---+---+---+---+---+---+
| 0 | 0 | 7 | 4 | 2 | 3 | 5 | 5 | 9 | 6 |
+---+---+---+---+---+---+---+---+---+---+
| 5 | 1 | 1 | 3 | 9 | 3 | 4 | 1 | 5 | 1 |
+---+---+---+---+---+---+---+---+---+---+
| 1 | 7 | 3 | 4 | 4 | 2 | 0 | 8 | 7 | 9 |
+---+---+---+---+---+---+---+---+---+---+
| 5 | 7 | 6 | 2 | 5 | 6 | 9 | 3 | 9 | 0 |
+---+---+---+---+---+---+---+---+---+---+
Matrix B:
+---+---+---+---+---+---+---+---+---+---+
| 1 | 1 | 2 | 3 | 2 | 9 | 2 | 4 | 2 | 4 |
+---+---+---+---+---+---+---+---+---+---+
| 5 | 4 | 8 | 1 | 3 | 4 | 5 | 9 | 8 | 2 |
+---+---+---+---+---+---+---+---+---+---+
| 7 | 1 | 7 | 4 | 3 | 4 | 2 | 2 | 6 | 5 |
+---+---+---+---+---+---+---+---+---+---+
| 0 | 3 | 5 | 9 | 6 | 9 | 8 | 8 | 4 | 0 |
+---+---+---+---+---+---+---+---+---+---+
| 3 | 8 | 3 | 1 | 5 | 7 | 1 | 3 | 7 | 4 |
+---+---+---+---+---+---+---+---+---+---+
| 7 | 2 | 2 | 4 | 1 | 8 | 9 | 2 | 0 | 1 |
+---+---+---+---+---+---+---+---+---+---+
| 5 | 8 | 5 | 7 | 7 | 1 | 8 | 7 | 4 | 5 |
+---+---+---+---+---+---+---+---+---+---+
| 2 | 8 | 3 | 4 | 0 | 8 | 5 | 0 | 6 | 0 |
+---+---+---+---+---+---+---+---+---+---+
| 9 | 0 | 9 | 2 | 4 | 4 | 3 | 4 | 9 | 0 |
+---+---+---+---+---+---+---+---+---+---+
| 7 | 2 | 4 | 5 | 5 | 1 | 7 | 4 | 0 | 0 |
+---+---+---+---+---+---+---+---+---+---+
Sum result:
+----+----+----+----+----+----+----+----+----+----+
|  6 |  9 |  2 |  9 |  9 | 10 |  3 | 11 |  4 | 13 |
+----+----+----+----+----+----+----+----+----+----+
| 13 | 13 | 11 |  7 |  7 |  9 | 11 | 13 | 16 |  2 |
+----+----+----+----+----+----+----+----+----+----+
| 16 |  2 | 10 |  9 |  7 | 11 |  6 |  4 | 12 | 14 |
+----+----+----+----+----+----+----+----+----+----+
|  9 |  6 |  8 | 10 |  6 | 11 | 12 | 11 | 10 |  4 |
+----+----+----+----+----+----+----+----+----+----+
|  3 | 13 | 11 |  3 | 14 | 12 | 10 |  7 | 14 |  8 |
+----+----+----+----+----+----+----+----+----+----+
| 10 |  5 |  5 |  8 |  2 | 12 | 18 |  7 |  5 |  8 |
+----+----+----+----+----+----+----+----+----+----+
|  5 |  8 | 12 | 11 |  9 |  4 | 13 | 12 | 13 | 11 |
+----+----+----+----+----+----+----+----+----+----+
|  7 |  9 |  4 |  7 |  9 | 11 |  9 |  1 | 11 |  1 |
+----+----+----+----+----+----+----+----+----+----+
| 10 |  7 | 12 |  6 |  8 |  6 |  3 | 12 | 16 |  9 |
+----+----+----+----+----+----+----+----+----+----+
| 12 |  9 | 10 |  7 | 10 |  7 | 16 |  7 |  9 |  0 |
+----+----+----+----+----+----+----+----+----+----+
Mul result:
+----+----+----+----+----+----+----+----+----+----+
|  5 |  8 |  0 | 18 | 14 |  9 |  2 | 28 |  4 | 36 |
+----+----+----+----+----+----+----+----+----+----+
| 40 | 36 | 24 |  6 | 12 | 20 | 30 | 36 | 64 |  0 |
+----+----+----+----+----+----+----+----+----+----+
| 63 |  1 | 21 | 20 | 12 | 28 |  8 |  4 | 36 | 45 |
+----+----+----+----+----+----+----+----+----+----+
|  0 |  9 | 15 |  9 |  0 | 18 | 32 | 24 | 24 |  0 |
+----+----+----+----+----+----+----+----+----+----+
|  0 | 40 | 24 |  2 | 45 | 35 |  9 | 12 | 49 | 16 |
+----+----+----+----+----+----+----+----+----+----+
| 21 |  6 |  6 | 16 |  1 | 32 | 81 | 10 |  0 |  7 |
+----+----+----+----+----+----+----+----+----+----+
|  0 |  0 | 35 | 28 | 14 |  3 | 40 | 35 | 36 | 30 |
+----+----+----+----+----+----+----+----+----+----+
| 10 |  8 |  3 | 12 |  0 | 24 | 20 |  0 | 30 |  0 |
+----+----+----+----+----+----+----+----+----+----+
|  9 |  0 | 27 |  8 | 16 |  8 |  0 | 32 | 63 |  0 |
+----+----+----+----+----+----+----+----+----+----+
| 35 | 14 | 24 | 10 | 25 |  6 | 63 | 12 |  0 |  0 |
+----+----+----+----+----+----+----+----+----+----+
Matmul result:
+-----+-----+-----+-----+-----+-----+-----+-----+-----+-----+
| 173 | 195 | 207 | 172 | 166 | 262 | 226 | 214 | 211 |  70 |
+-----+-----+-----+-----+-----+-----+-----+-----+-----+-----+
| 231 | 187 | 275 | 197 | 187 | 312 | 256 | 263 | 278 | 116 |
+-----+-----+-----+-----+-----+-----+-----+-----+-----+-----+
| 237 | 143 | 214 | 210 | 184 | 279 | 259 | 205 | 174 |  96 |
+-----+-----+-----+-----+-----+-----+-----+-----+-----+-----+
| 167 |  95 | 171 | 131 | 116 | 186 | 158 | 149 | 152 |  79 |
+-----+-----+-----+-----+-----+-----+-----+-----+-----+-----+
| 287 | 228 | 279 | 197 | 212 | 246 | 252 | 221 | 282 | 136 |
+-----+-----+-----+-----+-----+-----+-----+-----+-----+-----+
| 219 | 172 | 215 | 205 | 175 | 202 | 257 | 199 | 182 |  86 |
+-----+-----+-----+-----+-----+-----+-----+-----+-----+-----+
| 234 | 133 | 226 | 181 | 159 | 189 | 209 | 153 | 203 |  71 |
+-----+-----+-----+-----+-----+-----+-----+-----+-----+-----+
| 139 | 139 | 145 | 115 | 135 | 200 | 136 | 140 | 166 |  86 |
+-----+-----+-----+-----+-----+-----+-----+-----+-----+-----+
| 225 | 162 | 238 | 161 | 151 | 230 | 221 | 185 | 231 |  51 |
+-----+-----+-----+-----+-----+-----+-----+-----+-----+-----+
| 271 | 193 | 280 | 186 | 191 | 267 | 246 | 237 | 280 | 135 |
+-----+-----+-----+-----+-----+-----+-----+-----+-----+-----+
