204.0 256.0 220.0 153.0 305.0 230.0 143.0 254.0 306.0 172.0
122.0 156.0 103.0 146.0 184.0 172.0 109.0 148.0 171.0 183.0
192.0 237.0 172.0 197.0 246.0 216.0 91.0 255.0 285.0 153.0
147.0 169.0 122.0 100.0 210.0 129.0 106.0 154.0 195.0 137.0
156.0 230.0 156.0 153.0 217.0 217.0 112.0 175.0 260.0 213.0
204.0 254.0 241.0 181.0 251.0 217.0 100.0 209.0 268.0 224.0
160.0 259.0 129.0 75.0 234.0 147.0 130.0 160.0 274.0 169.0
201.0 225.0 199.0 207.0 280.0 242.0 136.0 233.0 263.0 228.0
189.0 283.0 196.0 169.0 236.0 249.0 135.0 179.0 285.0 285.0
134.0 176.0 81.0 66.0 221.0 139.0 135.0 130.0 226.0 137.0
