Matrix A:
+---+---+---+---+---+---+---+---+---+---+
| 1 | 3 | 1 | 9 | 0 | 8 | 9 | 4 | 9 | 4 |
+---+---+---+---+---+---+---+---+---+---+
| 8 | 8 | 6 | 1 | 0 | 1 | 0 | 3 | 0 | 8 |
+---+---+---+---+---+---+---+---+---+---+
| 0 | 7 | 9 | 2 | 5 | 7 | 5 | 0 | 3 | 9 |
+---+---+---+---+---+---+---+---+---+---+
| 1 | 2 | 2 | 0 | 1 | 4 | 6 | 6 | 8 | 1 |
+---+---+---+---+---+---+---+---+---+---+
| 7 | 6 | 8 | 1 | 8 | 5 | 1 | 1 | 3 | 3 |
+---+---+---+---+---+---+---+---+---+---+
| 2 | 8 | 1 | 6 | 3 | 5 | 4 | 8 | 6 | 0 |
+---+---+---+---+---+---+---+---+---+---+
| 3 | 5 | 9 | 4 | 2 | 0 | 8 | 1 | 9 | 1 |
+---+---+---+---+---+---+---+---+---+---+
| 6 | 8 | 4 | 4 | 0 | 5 | 3 | 7 | 3 | 8 |
+---+---+---+---+---+---+---+---+---+---+
| 9 | 9 | 5 | 2 | 8 | 0 | 1 | 7 | 4 | 3 |
+---+---+---+---+---+---+---+---+---+---+
| 5 | 0 | 7 | 2 | 0 | 1 | 5 | 3 | 7 | 6 |
+---+---+---+---+---+---+---+---+---+---+
Matrix B:
+---+---+---+---+---+---+---+---+---+---+
| 0 | 3 | 0 | 0 | 6 | 7 | 9 | 1 | 3 | 9 |
+---+---+---+---+---+---+---+---+---+---+
| 4 | 8 | 6 | 9 | 4 | 5 | 1 | 8 | 3 | 8 |
+---+---+---+---+---+---+---+---+---+---+
| 5 | 4 | 2 | 1 | 5 | 0 | 0 | 0 | 8 | 2 |
+---+---+---+---+---+---+---+---+---+---+
| 4 | 7 | 9 | 1 | 4 | 6 | 0 | 2 | 9 | 3 |
+---+---+---+---+---+---+---+---+---+---+
| 4 | 9 | 6 | 3 | 1 | 8 | 0 | 4 | 9 | 5 |
+---+---+---+---+---+---+---+---+---+---+
| 5 | 1 | 7 | 9 | 9 | 7 | 2 | 9 | 5 | 3 |
+---+---+---+---+---+---+---+---+---+---+
| 4 | 5 | 3 | 0 | 5 | 4 | 5 | 8 | 5 | 0 |
+---+---+---+---+---+---+---+---+---+---+
| 9 | 4 | 9 | 6 | 7 | 5 | 1 | 3 | 7 | 7 |
+---+---+---+---+---+---+---+---+---+---+
| 3 | 9 | 0 | 0 | 9 | 2 | 6 | 3 | 8 | 6 |
+---+---+---+---+---+---+---+---+---+---+
| 3 | 3 | 0 | 5 | 5 | 6 | 3 | 7 | 5 | 1 |
+---+---+---+---+---+---+---+---+---+---+
Sum result:
+----+----+----+----+----+----+----+----+----+----+
|  1 |  6 |  1 |  9 |  6 | 15 | 18 |  5 | 12 | 13 |
+----+----+----+----+----+----+----+----+----+----+
| 12 | 16 | 12 | 10 |  4 |  6 |  1 | 11 |  3 | 16 |
+----+----+----+----+----+----+----+----+----+----+
|  5 | 11 | 11 |  3 | 10 |  7 |  5 |  0 | 11 | 11 |
+----+----+----+----+----+----+----+----+----+----+
|  5 |  9 | 11 |  1 |  5 | 10 |  6 |  8 | 17 |  4 |
+----+----+----+----+----+----+----+----+----+----+
| 11 | 15 | 14 |  4 |  9 | 13 |  1 |  5 | 12 |  8 |
+----+----+----+----+----+----+----+----+----+----+
|  7 |  9 |  8 | 15 | 12 | 12 |  6 | 17 | 11 |  3 |
+----+----+----+----+----+----+----+----+----+----+
|  7 | 10 | 12 |  4 |  7 |  4 | 13 |  9 | 14 |  1 |
+----+----+----+----+----+----+----+----+----+----+
| 15 | 12 | 13 | 10 |  7 | 10 |  4 | 10 | 10 | 15 |
+----+----+----+----+----+----+----+----+----+----+
| 12 | 18 |  5 |  2 | 17 |  2 |  7 | 10 | 12 |  9 |
+----+----+----+----+----+----+----+----+----+----+
|  8 |  3 |  7 |  7 |  5 |  7 |  8 | 10 | 12 |  7 |
+----+----+----+----+----+----+----+----+----+----+
Mul result:
+----+----+----+----+----+----+----+----+----+----+
|  0 |  9 |  0 |  0 |  0 | 56 | 81 |  4 | 27 | 36 |
+----+----+----+----+----+----+----+----+----+----+
| 32 | 64 | 36 |  9 |  0 |  5 |  0 | 24 |  0 | 64 |
+----+----+----+----+----+----+----+----+----+----+
|  0 | 28 | 18 |  2 | 25 |  0 |  0 |  0 | 24 | 18 |
+----+----+----+----+----+----+----+----+----+----+
|  4 | 14 | 18 |  0 |  4 | 24 |  0 | 12 | 72 |  3 |
+----+----+----+----+----+----+----+----+----+----+
| 28 | 54 | 48 |  3 |  8 | 40 |  0 |  4 | 27 | 15 |
+----+----+----+----+----+----+----+----+----+----+
| 10 |  8 |  7 | 54 | 27 | 35 |  8 | 72 | 30 |  0 |
+----+----+----+----+----+----+----+----+----+----+
| 12 | 25 | 27 |  0 | 10 |  0 | 40 |  8 | 45 |  0 |
+----+----+----+----+----+----+----+----+----+----+
| 54 | 32 | 36 | 24 |  0 | 25 |  3 | 21 | 21 | 56 |
+----+----+----+----+----+----+----+----+----+----+
| 27 | 81 |  0 |  0 | 72 |  0 |  6 | 21 | 32 | 18 |
+----+----+----+----+----+----+----+----+----+----+
| 15 |  0 |  0 | 10 |  0 |  6 | 15 | 21 | 35 |  6 |
+----+----+----+----+----+----+----+----+----+----+
Matmul result:
+-------+-------+-------+-------+-------+-------+-------+-------+-------+-------+
| 204.0 | 256.0 | 220.0 | 153.0 | 305.0 | 230.0 | 143.0 | 254.0 | 306.0 | 172.0 |
+-------+-------+-------+-------+-------+-------+-------+-------+-------+-------+
| 122.0 | 156.0 | 103.0 | 146.0 | 184.0 | 172.0 | 109.0 | 148.0 | 171.0 | 183.0 |
+-------+-------+-------+-------+-------+-------+-------+-------+-------+-------+
| 192.0 | 237.0 | 172.0 | 197.0 | 246.0 | 216.0 |  91.0 | 255.0 | 285.0 | 153.0 |
+-------+-------+-------+-------+-------+-------+-------+-------+-------+-------+
| 147.0 | 169.0 | 122.0 | 100.0 | 210.0 | 129.0 | 106.0 | 154.0 | 195.0 | 137.0 |
+-------+-------+-------+-------+-------+-------+-------+-------+-------+-------+
| 156.0 | 230.0 | 156.0 | 153.0 | 217.0 | 217.0 | 112.0 | 175.0 | 260.0 | 213.0 |
+-------+-------+-------+-------+-------+-------+-------+-------+-------+-------+
| 204.0 | 254.0 | 241.0 | 181.0 | 251.0 | 217.0 | 100.0 | 209.0 | 268.0 | 224.0 |
+-------+-------+-------+-------+-------+-------+-------+-------+-------+-------+
| 160.0 | 259.0 | 129.0 |  75.0 | 234.0 | 147.0 | 130.0 | 160.0 | 274.0 | 169.0 |
+-------+-------+-------+-------+-------+-------+-------+-------+-------+-------+
| 201.0 | 225.0 | 199.0 | 207.0 | 280.0 | 242.0 | 136.0 | 233.0 | 263.0 | 228.0 |
+-------+-------+-------+-------+-------+-------+-------+-------+-------+-------+
| 189.0 | 283.0 | 196.0 | 169.0 | 236.0 | 249.0 | 135.0 | 179.0 | 285.0 | 285.0 |
+-------+-------+-------+-------+-------+-------+-------+-------+-------+-------+
| 134.0 | 176.0 |  81.0 |  66.0 | 221.0 | 139.0 | 135.0 | 130.0 | 226.0 | 137.0 |
+-------+-------+-------+-------+-------+-------+-------+-------+-------+-------+
